header:
  stamp:
    sec: 0
    nanosec: 0
  frame_id: world
pose:
  position:
    x: 0.045986939100798374
    y: -0.78358412728847449
    z: 0.041842948116579633
  orientation:
    x: 0
    y: 0
    z: 0
    w: 1