header:
  stamp:
    sec: 1775501850
    nanosec: 742442616
  frame_id: world
pose:
  position:
    x: 0.32424992275636044
    y: -0.53179189633745394
    z: 0.15083443576625108
  orientation:
    x: 0.012898519137057259
    y: 0.99984176317850493
    z: -0.011566359410144944
    w: 0.0040368475528358514
