header:
  stamp:
    sec: 1775501920
    nanosec: 252441827
  frame_id: world
pose:
  position:
    x: -0.24467992886447265
    y: -0.54078454960478028
    z: 0.1378645703043882
  orientation:
    x: 0.012910194617079103
    y: 0.999841036050233
    z: -0.011621177123707919
    w: 0.0040221570338839557