header:
  stamp:
    sec: 0
    nanosec: 0
  frame_id: world
pose:
  position:
    x: -0.035079142476623248
    y: 0.63890734411005567
    z: -0.31562914070798748
  orientation:
    x: 0
    y: 0
    z: 1
    w: 0