header:
  stamp:
    sec: 1775501159
    nanosec: 659380557
  frame_id: world
pose:
  position:
    x: -0.59519329744420157
    y: 0.56638458963507121
    z: -0.20361536351528961
  orientation:
    x: 0.99863792453537503
    y: -0.042301009187316753
    z: 0.023423212328834819
    w: -0.019602893296950873