header:
  stamp:
    sec: 0
    nanosec: 0
  frame_id: world
pose:
  position:
    x: -0.053907329842024732
    y: 0.5359192911017181
    z: -0.22861349620275989
  orientation:
    x: 0
    y: 0
    z: 1
    w: 0