header:
  stamp:
    sec: 1775500814
    nanosec: 924525298
  frame_id: world
pose:
  position:
    x: 0.49567832013343405
    y: 0.57213251264058351
    z: -0.20111930871284747
  orientation:
    x: -0.79690672957295816
    y: 0.081454959463443749
    z: -0.046333979567158609
    w: 0.59678967507624592
