header:
  stamp:
    sec: 0
    nanosec: 0
  frame_id: world
pose:
  position:
    x: -0.034339516081212829
    y: 0.63920757296119846
    z: -0.31536853060826009
  orientation:
    x: 0
    y: 0
    z: 1
    w: 0