header:
  stamp:
    sec: 0
    nanosec: 0
  frame_id: world
pose:
  position:
    x: -0.046895048320571842
    y: 0.64987618508356637
    z: -0.1984132603138769
  orientation:
    x: 0
    y: 0
    z: 1
    w: 0