header:
  stamp:
    sec: 0
    nanosec: 0
  frame_id: world
pose:
  position:
    x: -0.060272589476794841
    y: 0.55236537209078784
    z: -0.20037456597920056
  orientation:
    x: 0
    y: 0
    z: 1
    w: 0