header:
  stamp:
    sec: 0
    nanosec: 0
  frame_id: world
pose:
  position:
    x: 0.054902253274909302
    y: -0.90516415649525794
    z: 0.65952267706349799
  orientation:
    x: 0
    y: 0
    z: 0
    w: 1