header:
  stamp:
    sec: 0
    nanosec: 0
  frame_id: world
pose:
  position:
    x: 0.045986939100798374
    y: -0.9840841272884745
    z: 0.56254294811657968
  orientation:
    x: 0
    y: 0
    z: 0
    w: 1