header:
  stamp:
    sec: 0
    nanosec: 0
  frame_id: world
pose:
  position:
    x: 0.46659148380171445
    y: 0.63505472089440518
    z: 0.77141441876473715
  orientation:
    x: -0.68461790885209328
    y: 0.017641130385134686
    z: 0.43446901353444661
    w: 0.58499896211542668
