header:
  stamp:
    sec: 0
    nanosec: 0
  frame_id: world
pose:
  position:
    x: 0.46659148380171445
    y: 0.63476655478865796
    z: 0.77794444899727
  orientation:
    x: -0.71340273862965964
    y: 0.004922078645675473
    z: -0.43595549843344666
    w: 0.54861198404988609
