header:
  stamp:
    sec: 0
    nanosec: 0
  frame_id: world
pose:
  position:
    x: 0.45731929745823596
    y: 0.79496718587858961
    z: 0.78732731990728899
  orientation:
    x: -0.7003777491953227
    y: -0.00037047690582098892
    z: -0.038688900460381329
    w: 0.71272297574872845