header:
  stamp:
    sec: 0
    nanosec: 0
  frame_id: world
pose:
  position:
    x: 0.054902253274909302
    y: -0.93516415649525797
    z: 0.30392267706349796
  orientation:
    x: 0
    y: 0
    z: 0
    w: 1
