header:
  stamp:
    sec: 1775598916
    nanosec: 739074922
  frame_id: world
pose:
  position:
    x: 0.42666087649771212
    y: 0.58297405425050564
    z: 0.713642123778228
  orientation:
    x: -0.67986027464504617
    y: -0.0051272845250221319
    z: 0.022222587544505713
    w: 0.73298695385101409
