header:
  stamp:
    sec: 0
    nanosec: 0
  frame_id: world
pose:
  position:
    x: 0.01477434997317037
    y: -0.85308043341918993
    z: 0.62281133269443023
  orientation:
    x: -0.44556082874928804
    y: 0.43349525261292027
    z: 0.54478837512643286
    w: 0.56281705746486554
