header:
  stamp:
    sec: 1775495604
    nanosec: 751071660
  frame_id: world
pose:
  position:
    x: -0.038127804795414694
    y: 0.67677655313871743
    z: -0.53961629357784691
  orientation:
    x: -0.034771680135556975
    y: -0.057378467541668011
    z: 0.99770002957972115
    w: -0.009660213129010501