header:
  stamp:
    sec: 0
    nanosec: 0
  frame_id: world
pose:
  position:
    x: -0.05937120876450129
    y: 0.87998095119894204
    z: -0.67627723972506837
  orientation:
    x: 0
    y: 0
    z: 0
    w: 1