header:
  stamp:
    sec: 0
    nanosec: 0
  frame_id: world
pose:
  position:
    x: -0.036357829819995191
    y: 0.90687097138192918
    z: -0.77567712377321274
  orientation:
    x: 0
    y: 0
    z: 0
    w: 1