header:
  stamp:
    sec: 0
    nanosec: 0
  frame_id: world
pose:
  position:
    x: -0.061423886170873535
    y: 0.77677364759900169
    z: -0.68304065984288886
  orientation:
    x: 0
    y: 0
    z: 0
    w: 1
