header:
  stamp:
    sec: 0
    nanosec: 0
  frame_id: world
pose:
  position:
    x: -0.056891128306805996
    y: 0.97300534672827532
    z: 0.089185581420715088
  orientation:
    x: 0
    y: 0
    z: 0
    w: 1