header:
  stamp:
    sec: 0
    nanosec: 0
  frame_id: world
pose:
  position:
    x: -0.035921879544516311
    y: 1.1075680928487486
    z: 0.038634589371636968
  orientation:
    x: 0
    y: 0
    z: 0
    w: 1