header:
  stamp:
    sec: 0
    nanosec: 0
  frame_id: world
pose:
  position:
    x: -0.056891128306805996
    y: 0.77300534672827537
    z: -0.72481441857928497
  orientation:
    x: 0
    y: 0
    z: 0
    w: 1