header:
  stamp:
    sec: 0
    nanosec: 0
  frame_id: world
pose:
  position:
    x: -0.061423886170873535
    y: 0.97677364759900165
    z: 0.13095934015711122
  orientation:
    x: 0
    y: 0
    z: 0
    w: 1
