header:
  stamp:
    sec: 0
    nanosec: 0
  frame_id: world
pose:
  position:
    x: -0.035921879544516311
    y: 0.8676
    z: -0.77536541062836306
  orientation:
    x: 0
    y: 0
    z: 0
    w: 1