header:
  stamp:
    sec: 0
    nanosec: 0
  frame_id: world
pose:
  position:
    x: -0.05937120876450129
    y: 1.079980951198942
    z: 0.13772276027493163
  orientation:
    x: 0
    y: 0
    z: 0
    w: 1