header:
  stamp:
    sec: 0
    nanosec: 0
  frame_id: world
pose:
  position:
    x: -0.036357829819995191
    y: 1.1068709713819291
    z: 0.038322876226787261
  orientation:
    x: 0
    y: 0
    z: 0
    w: 1