header:
  stamp:
    sec: 0
    nanosec: 0
  frame_id: world
pose:
  position:
    x: 0.054902253274909302
    y: -0.70466415649525793
    z: -0.42217732293650212
  orientation:
    x: 0
    y: 0
    z: 0
    w: 1