header:
  stamp:
    sec: 0
    nanosec: 0
  frame_id: world
pose:
  position:
    x: -0.037504243007819793
    y: 0.69592861273629869
    z: 0.57263770935153402
  orientation:
    x: 0
    y: 0
    z: 1
    w: 0