header:
  stamp:
    sec: 0
    nanosec: 0
  frame_id: world
pose:
  position:
    x: -0.062575182864952228
    y: 0.52118192310721567
    z: 0.64229324629342299
  orientation:
    x: 0
    y: 0
    z: 1
    w: 0
