header:
  stamp:
    sec: 0
    nanosec: 0
  frame_id: world
pose:
  position:
    x: -0.071847369208430739
    y: 0.63008571731431773
    z: 0.65385878086374016
  orientation:
    x: 0
    y: 0
    z: 1
    w: 0