header:
  stamp:
    sec: 1775498940
    nanosec: 733604566
  frame_id: world
pose:
  position:
    x: 0.5014587217168478
    y: 0.56434796625907313
    z: 0.63739719667710426
  orientation:
    x: -0.78389427518253962
    y: 0.034536210139351535
    z: 0.0024941804596165973
    w: 0.61992805597834211
