header:
  stamp:
    sec: 0
    nanosec: 0
  frame_id: world
pose:
  position:
    x: -0.059874926771587261
    y: 0.53009140235483265
    z: 0.58698465904419006
  orientation:
    x: 0
    y: 0
    z: 1
    w: 0