header:
  stamp:
    sec: 1775498589
    nanosec: 733742386
  frame_id: world
pose:
  position:
    x: -0.61348426932447708
    y: 0.53101431823701861
    z: 0.63446846665247258
  orientation:
    x: -0.84825520850331082
    y: 0.03322651547028501
    z: 0.031769643994135531
    w: 0.52758865571313551
